9277154
9252130
9333574
9008561
9467311
9700450
9973322
9518267
9166468
9438523
9788072
9371094
9878765
9052335
9053047
9225592
9206450
9101066
9177337
9055836
9445105
9287216
9075745
9172581
9617689
9101951
9355112
9340283
9011420
9504627
9158391
9269383
9531454
9368286
9066770
9005132
9482262
9686590
9905156
9672573
9006723
9392537
9745458
9329346
9627197
9159540
9471287
9080864
9993650
9391984
9518765
9003430
9153509
9033937
9878871
9133694
9065272
9376280
9409550
9323079
9048192
9215922
9435315
9249025
9804361
9039627
9453274
9410190
9680800
9202456
9481413
9718992
9004175
9879774
9338059
9416102
9223590
9474901
9256759
9996098
9401202
9221040
9817241
9863766
9157758
9031426
9627716
9458093
9472785
9329062
9695135
9280181
9603227
9223685
9394203
9504056
9331465
9263025
9035317
9741448
9474571
9278228
9858216
9044005
9230363
9313233
9646958
9244698
9435335
9184495
9184588
9391061
9316108
9108461
9094693
9414291
9710479
9191054
9467278
9395979
9074437
9013798
9987407
9208400
9568504
9276684
9282257
9574271
9566781
9481628
9341903
9263504
9709257
9468561
9094783
9378009
9606490
9557454
9375317
9916140
9109062
9340139
9390205
9664468
9421281
9642550
9396994
9467252
9212052
9448315
9197466
9486827
9397530
9369286
9390312
9510418
9230504
9047539
9146898
9301082
9943227
9131266
9142030
9001104
9351700
9122643
9248932
9421389
9410340
9313330
9208055
9215390
9027189
9114036
9353017
9011115
9052956
9476283
9273362
9383004
9414083
9007827
9665234
9684822
9197994
9227993
9517311
9534875
9899098
9087632
9601162
9071781
9862541
9341240
9013161
9230284
9070207
9179589
9035647
9027422
9477358
9640473
9211751
9451212
9614934
9854269
9280204
9879069
9024940
9218935
9653075
9355228
9241424
9475286
9469318
9204055
9194012
9409032
9016918
9081306
9486952
9708353
9023193
9460377
9301332
9477175
9295946
9766939
9152295
9660708
9130672
9092628
9291206
9410941
9357990
9264694
9156694
9397088
9457359
9386858
9598683
9132486
9156526
9143312
9250129
9270026
9043637
9015718
9717730
9287241
9602703
9393208
9362660
9180558